{"edges": [[0, 0], [0, 1], [0, 2], [0, 3], [0, 4], [0, 5], [0, 6], [0, 7], [0, 8], [0, 9], [0, 10], [0, 11], [0, 12], [0, 13], [0, 14], [1, 0], [1, 1], [1, 2], [1, 3], [1, 4], [1, 5], [1, 6], [1, 7], [1, 8], [1, 9], [1, 10], [1, 11], [1, 12], [1, 13], [1, 14], [2, 0], [2, 1], [2, 2], [2, 3], [2, 4], [2, 5], [2, 6], [2, 7], [2, 8], [2, 9], [2, 10], [2, 11], [2, 12], [2, 13], [2, 14], [3, 0], [3, 1], [3, 2], [3, 3], [3, 4], [3, 5], [3, 6], [3, 7], [3, 8], [3, 9], [3, 10], [3, 11], [3, 12], [3, 13], [3, 14], [4, 0], [4, 1], [4, 2], [4, 3], [4, 4], [4, 5], [4, 6], [4, 7], [4, 8], [4, 9], [4, 10], [4, 11], [4, 12], [4, 13], [4, 14], [5, 0], [5, 1], [5, 2], [5, 3], [5, 4], [5, 5], [5, 6], [5, 7], [5, 8], [5, 9], [5, 10], [5, 11], [5, 12], [5, 13], [5, 14], [6, 0], [6, 1], [6, 2], [6, 3], [6, 4], [6, 5], [6, 6], [6, 7], [6, 8], [6, 9], [6, 10], [6, 11], [6, 12], [6, 13], [6, 14], [7, 0], [7, 1], [7, 2], [7, 3], [7, 4], [7, 5], [7, 6], [7, 7], [7, 8], [7, 9], [7, 10], [7, 11], [7, 12], [7, 13], [7, 14], [8, 0], [8, 1], [8, 2], [8, 3], [8, 4], [8, 5], [8, 6], [8, 7], [8, 8], [8, 9], [8, 10], [8, 11], [8, 12], [8, 13], [8, 14], [9, 0], [9, 1], [9, 2], [9, 3], [9, 4], [9, 5], [9, 6], [9, 7], [9, 8], [9, 9], [9, 10], [9, 11], [9, 12], [9, 13], [9, 14], [10, 0], [10, 1], [10, 2], [10, 3], [10, 4], [10, 5], [10, 6], [10, 7], [10, 8], [10, 9], [10, 10], [10, 11], [10, 12], [10, 13], [10, 14], [11, 0], [11, 1], [11, 2], [11, 3], [11, 4], [11, 5], [11, 6], [11, 7], [11, 8], [11, 9], [11, 10], [11, 11], [11, 12], [11, 13], [11, 14], [12, 0], [12, 1], [12, 2], [12, 3], [12, 4], [12, 5], [12, 6], [12, 7], [12, 8], [12, 9], [12, 10], [12, 11], [12, 12], [12, 13], [12, 14], [13, 0], [13, 1], [13, 2], [13, 3], [13, 4], [13, 5], [13, 6], [13, 7], [13, 8], [13, 9], [13, 10], [13, 11], [13, 12], [13, 13], [13, 14], [14, 0], [14, 1], [14, 2], [14, 3], [14, 4], [14, 5], [14, 6], [14, 7], [14, 8], [14, 9], [14, 10], [14, 11], [14, 12], [14, 13], [14, 14]], "weights": [1.0, 0.4254589621618998, 0.15735536121228835, 0.2065001915318771, 0.5641481300092792, 0.5185979740603736, 0.4004257413362988, 0.026681753803600213, 0.2246753353645143, 0.5012188151342344, 0.6450351504487496, 0.3017999694450067, 0.2208714163742547, 0.2912739886506881, 0.2952794914339609, 0.4254589621618998, 1.0, 0.0675140218396667, 0.26196442955171145, 0.3780618503310153, 0.3043222324581647, 0.4956900308178869, 0.012639714409520015, 0.4735509089058796, 0.21467316340341888, 0.6440282349707656, 0.1405239538598446, 0.1199636200288765, 0.23693215350878802, 0.5156590373951959, 0.15735536121228835, 0.0675140218396667, 1.0, 0.0579827080638925, 0.12448269513956747, 0.18162297781101544, 0.08399138552459927, 0.12995215005735256, 0.039431541048513034, 0.31389512549638104, 0.10445438879975233, 0.27302427777218313, 0.2653961850671145, 0.0847813380801455, 0.04896276870438284, 0.2065001915318771, 0.26196442955171145, 0.0579827080638925, 1.0, 0.12786536890317082, 0.2994868903344551, 0.4941366350174439, 0.019348540837178446, 0.3640738290846749, 0.14409975673093153, 0.2717646105201546, 0.06598468397383415, 0.18161413084354613, 0.06925856381409894, 0.1372766743647438, 0.5641481300092792, 0.3780618503310153, 0.12448269513956747, 0.12786536890317082, 1.0, 0.29314345981548656, 0.2576743777146235, 0.018189409018944426, 0.1795702536406634, 0.3607504933875605, 0.4669973156493975, 0.3473373992113729, 0.13115145671266668, 0.5160608848960897, 0.37603553999987777, 0.5185979740603736, 0.3043222324581647, 0.18162297781101544, 0.2994868903344551, 0.29314345981548656, 1.0, 0.4592663208904019, 0.041122925201427636, 0.2103537986354655, 0.4787505437504287, 0.455035519424444, 0.20945964345722415, 0.39265129148793376, 0.15172156068444362, 0.17483032412130367, 0.4004257413362988, 0.4956900308178869, 0.08399138552459927, 0.4941366350174439, 0.2576743777146235, 0.4592663208904019, 1.0, 0.020100141092650608, 0.4531391500123935, 0.2432648218319923, 0.5497389299314239, 0.1222227446347154, 0.20121591126333133, 0.14014092342561324, 0.25568112281365163, 0.026681753803600213, 0.012639714409520015, 0.12995215005735256, 0.019348540837178446, 0.018189409018944426, 0.041122925201427636, 0.020100141092650608, 1.0, 0.009157337469302413, 0.05020361681417291, 0.019388134647280196, 0.035507555980362496, 0.0997370475374513, 0.01137724285375848, 0.007879230286997389, 0.2246753353645143, 0.4735509089058796, 0.039431541048513034, 0.3640738290846749, 0.1795702536406634, 0.2103537986354655, 0.4531391500123935, 0.009157337469302413, 1.0, 0.1203454333643666, 0.3469730076858108, 0.06932279551391728, 0.09181389935812673, 0.11436481583258078, 0.3017964976434583, 0.5012188151342344, 0.21467316340341888, 0.31389512549638104, 0.14409975673093153, 0.3607504933875605, 0.4787505437504287, 0.2432648218319923, 0.05020361681417291, 0.1203454333643666, 1.0, 0.3310438983866511, 0.4210377108297476, 0.3253442807130295, 0.2086685939533081, 0.1523029403313025, 0.6450351504487496, 0.6440282349707656, 0.10445438879975233, 0.2717646105201546, 0.4669973156493975, 0.455035519424444, 0.5497389299314239, 0.019388134647280196, 0.3469730076858108, 0.3310438983866511, 1.0, 0.19897041961916734, 0.17881620734727335, 0.25430316172164513, 0.3829448094596903, 0.3017999694450067, 0.1405239538598446, 0.27302427777218313, 0.06598468397383415, 0.3473373992113729, 0.20945964345722415, 0.1222227446347154, 0.035507555980362496, 0.06932279551391728, 0.4210377108297476, 0.19897041961916734, 1.0, 0.14679896266271464, 0.2950169451927428, 0.13161974270242932, 0.2208714163742547, 0.1199636200288765, 0.2653961850671145, 0.18161413084354613, 0.13115145671266668, 0.39265129148793376, 0.20121591126333133, 0.0997370475374513, 0.09181389935812673, 0.3253442807130295, 0.17881620734727335, 0.14679896266271464, 1.0, 0.07069876731820461, 0.06899970673603864, 0.2912739886506881, 0.23693215350878802, 0.0847813380801455, 0.06925856381409894, 0.5160608848960897, 0.15172156068444362, 0.14014092342561324, 0.01137724285375848, 0.11436481583258078, 0.2086685939533081, 0.25430316172164513, 0.2950169451927428, 0.07069876731820461, 1.0, 0.3298384112445977, 0.2952794914339609, 0.5156590373951959, 0.04896276870438284, 0.1372766743647438, 0.37603553999987777, 0.17483032412130367, 0.25568112281365163, 0.007879230286997389, 0.3017964976434583, 0.1523029403313025, 0.3829448094596903, 0.13161974270242932, 0.06899970673603864, 0.3298384112445977, 1.0], "0": {"index": 0, "y": [-0.27095679076044943, 0.08881720857450907, 0.4732655877346002, 0.0906570368274858, -0.3128695816869403, 0.11837965551783663, 0.5886397645154399, -0.6570748877472145, 0.2646922467124968, 0.2337538322986766, 0.17202309028859786, 0.572006641314288, -0.9567744148670345, -0.413847452951028, -0.5271016693975246], "X": [[3.0574042138045003, -0.04768326604624195, -0.3075914393208583, 0.2437268559690791], [3.2126097988462643, 0.12403636475292439, 0.07638969020567236, 0.558152982313664], [1.9071121547243313, -0.8882605815466007, 1.5280011345498068, -0.7184229879027646], [3.8140145915559986, 0.04855140625670421, -0.6231421750468041, -0.08708838493184941], [4.427900060181286, -0.5814548883816077, -0.025596835322429453, 0.708216462313133], [3.725239316492968, -0.2046451947030767, 0.3070873159850553, -0.10171471194509524], [2.8605633731401645, 0.25053519089614706, -0.22714260677575082, -0.026788122980023244], [1.9071121547243308, -0.02679483552977119, -0.3823620774069114, -0.25212119617816925], [2.214054889036975, -0.47008199774180626, 0.6428327801476723, 0.24899726996066648], [2.4648453637644905, -0.02679483552977119, 1.1907660159043258, 0.048138465985048756], [5.039582903284625, -0.27265907091679625, 0.502806276995223, -0.2776047837157547], [2.214054889036975, 0.39138374827502376, -0.44286857537148877, 0.5540941602483482], [1.9071121547243313, 0.8346709104870583, 0.5764994717399414, 0.30476207651766823], [1.0847638385643434, 0.9428114654695806, 0.4772355317353615, -0.42898098962125275], [1.9071121547243313, -0.8882605815466007, 1.1107293945007475, 1.3309980193278739]], "year": 2020, "week": 28}, "1": {"index": 1, "y": [0.24897272514941304, -0.26895474923476664, -0.525275512314739, 0.02888062108739384, 0.6557266572885028, 0.3787437557001938, 0.05910755168866816, 0.3284638926513426, -0.4020041570358204, 0.23718617007783266, -0.1354253132162946, -0.23162808648396388, -0.19033866923377332, 0.4069417440897369, -0.025869975021587936], "X": [[-0.04768326604624195, -0.3075914393208583, 0.2437268559690791, -0.27095679076044943], [0.12403636475292439, 0.07638969020567236, 0.558152982313664, 0.08881720857450907], [-0.8882605815466007, 1.5280011345498068, -0.7184229879027646, 0.4732655877346002], [0.04855140625670421, -0.6231421750468041, -0.08708838493184941, 0.0906570368274858], [-0.5814548883816077, -0.025596835322429453, 0.708216462313133, -0.3128695816869403], [-0.2046451947030767, 0.3070873159850553, -0.10171471194509524, 0.11837965551783663], [0.25053519089614706, -0.22714260677575082, -0.026788122980023244, 0.5886397645154399], [-0.02679483552977119, -0.3823620774069114, -0.25212119617816925, -0.6570748877472145], [-0.47008199774180626, 0.6428327801476723, 0.24899726996066648, 0.2646922467124968], [-0.02679483552977119, 1.1907660159043258, 0.048138465985048756, 0.2337538322986766], [-0.27265907091679625, 0.502806276995223, -0.2776047837157547, 0.17202309028859786], [0.39138374827502376, -0.44286857537148877, 0.5540941602483482, 0.572006641314288], [0.8346709104870583, 0.5764994717399414, 0.30476207651766823, -0.9567744148670345], [0.9428114654695806, 0.4772355317353615, -0.42898098962125275, -0.413847452951028], [-0.8882605815466007, 1.1107293945007475, 1.3309980193278739, -0.5271016693975246]], "year": 2020, "week": 29}, "2": {"index": 2, "y": [-0.03566002046762246, -0.0479440389861145, 0.24927404214010038, -0.3973941400227147, -0.4643398588567533, -0.23994688339156892, 0.3887537687767871, -0.3794266100282556, -0.32217191721758814, -0.4779394883460563, 0.9107364859314818, -1.2703925779908956, 0.7365241843107094, -0.45784510000661804, -0.29999557046912906], "X": [[-0.3075914393208583, 0.2437268559690791, -0.27095679076044943, 0.24897272514941304], [0.07638969020567236, 0.558152982313664, 0.08881720857450907, -0.26895474923476664], [1.5280011345498068, -0.7184229879027646, 0.4732655877346002, -0.525275512314739], [-0.6231421750468041, -0.08708838493184941, 0.0906570368274858, 0.02888062108739384], [-0.025596835322429453, 0.708216462313133, -0.3128695816869403, 0.6557266572885028], [0.3070873159850553, -0.10171471194509524, 0.11837965551783663, 0.3787437557001938], [-0.22714260677575082, -0.026788122980023244, 0.5886397645154399, 0.05910755168866816], [-0.3823620774069114, -0.25212119617816925, -0.6570748877472145, 0.3284638926513426], [0.6428327801476723, 0.24899726996066648, 0.2646922467124968, -0.4020041570358204], [1.1907660159043258, 0.048138465985048756, 0.2337538322986766, 0.23718617007783266], [0.502806276995223, -0.2776047837157547, 0.17202309028859786, -0.1354253132162946], [-0.44286857537148877, 0.5540941602483482, 0.572006641314288, -0.23162808648396388], [0.5764994717399414, 0.30476207651766823, -0.9567744148670345, -0.19033866923377332], [0.4772355317353615, -0.42898098962125275, -0.413847452951028, 0.4069417440897369], [1.1107293945007475, 1.3309980193278739, -0.5271016693975246, -0.025869975021587936]], "year": 2020, "week": 30}, "3": {"index": 3, "y": [-0.2009631865611222, 0.06409174561365061, -0.2976622262883591, -0.2620672939470444, 0.17809863831756723, 0.45458353122408857, -0.21294317605138924, -0.02365551622672836, 0.7104519619656234, -0.16828592078559942, -0.5691688896441264, 1.4236611368569045, -0.22878777244172743, 0.4955869796367, 0.47423097730254615], "X": [[0.2437268559690791, -0.27095679076044943, 0.24897272514941304, -0.03566002046762246], [0.558152982313664, 0.08881720857450907, -0.26895474923476664, -0.0479440389861145], [-0.7184229879027646, 0.4732655877346002, -0.525275512314739, 0.24927404214010038], [-0.08708838493184941, 0.0906570368274858, 0.02888062108739384, -0.3973941400227147], [0.708216462313133, -0.3128695816869403, 0.6557266572885028, -0.4643398588567533], [-0.10171471194509524, 0.11837965551783663, 0.3787437557001938, -0.23994688339156892], [-0.026788122980023244, 0.5886397645154399, 0.05910755168866816, 0.3887537687767871], [-0.25212119617816925, -0.6570748877472145, 0.3284638926513426, -0.3794266100282556], [0.24899726996066648, 0.2646922467124968, -0.4020041570358204, -0.32217191721758814], [0.048138465985048756, 0.2337538322986766, 0.23718617007783266, -0.4779394883460563], [-0.2776047837157547, 0.17202309028859786, -0.1354253132162946, 0.9107364859314818], [0.5540941602483482, 0.572006641314288, -0.23162808648396388, -1.2703925779908956], [0.30476207651766823, -0.9567744148670345, -0.19033866923377332, 0.7365241843107094], [-0.42898098962125275, -0.413847452951028, 0.4069417440897369, -0.45784510000661804], [1.3309980193278739, -0.5271016693975246, -0.025869975021587936, -0.29999557046912906]], "year": 2020, "week": 31}, "4": {"index": 4, "y": [0.21355129520959032, -0.11132556029709023, 1.0994068563255002, 0.35058614528861387, 0.5098554809514495, 0.6336396709685794, -0.13038890262344865, 0.328890920430885, -0.2972526709359269, 0.309587400146487, -0.10978760751698641, -1.1949513020081564, 0.35643698315134614, -0.2056604183197567, -0.2472151844307899], "X": [[-0.27095679076044943, 0.24897272514941304, -0.03566002046762246, -0.2009631865611222], [0.08881720857450907, -0.26895474923476664, -0.0479440389861145, 0.06409174561365061], [0.4732655877346002, -0.525275512314739, 0.24927404214010038, -0.2976622262883591], [0.0906570368274858, 0.02888062108739384, -0.3973941400227147, -0.2620672939470444], [-0.3128695816869403, 0.6557266572885028, -0.4643398588567533, 0.17809863831756723], [0.11837965551783663, 0.3787437557001938, -0.23994688339156892, 0.45458353122408857], [0.5886397645154399, 0.05910755168866816, 0.3887537687767871, -0.21294317605138924], [-0.6570748877472145, 0.3284638926513426, -0.3794266100282556, -0.02365551622672836], [0.2646922467124968, -0.4020041570358204, -0.32217191721758814, 0.7104519619656234], [0.2337538322986766, 0.23718617007783266, -0.4779394883460563, -0.16828592078559942], [0.17202309028859786, -0.1354253132162946, 0.9107364859314818, -0.5691688896441264], [0.572006641314288, -0.23162808648396388, -1.2703925779908956, 1.4236611368569045], [-0.9567744148670345, -0.19033866923377332, 0.7365241843107094, -0.22878777244172743], [-0.413847452951028, 0.4069417440897369, -0.45784510000661804, 0.4955869796367], [-0.5271016693975246, -0.025869975021587936, -0.29999557046912906, 0.47423097730254615]], "year": 2020, "week": 32}, "5": {"index": 5, "y": [0.07952970811908194, -0.06983484867866117, -0.023660215736615565, -0.5858900046164738, 0.4961769603872087, -0.1706546854694527, 0.14894698824926875, -0.023660215736615565, -0.5987014573420093, 0.18965811200212396, -0.001614888570180996, -0.023660215736615565, -0.7927519450456914, 0.07050027557955808, 0.29733788513845505], "X": [[0.24897272514941304, -0.03566002046762246, -0.2009631865611222, 0.21355129520959032], [-0.26895474923476664, -0.0479440389861145, 0.06409174561365061, -0.11132556029709023], [-0.525275512314739, 0.24927404214010038, -0.2976622262883591, 1.0994068563255002], [0.02888062108739384, -0.3973941400227147, -0.2620672939470444, 0.35058614528861387], [0.6557266572885028, -0.4643398588567533, 0.17809863831756723, 0.5098554809514495], [0.3787437557001938, -0.23994688339156892, 0.45458353122408857, 0.6336396709685794], [0.05910755168866816, 0.3887537687767871, -0.21294317605138924, -0.13038890262344865], [0.3284638926513426, -0.3794266100282556, -0.02365551622672836, 0.328890920430885], [-0.4020041570358204, -0.32217191721758814, 0.7104519619656234, -0.2972526709359269], [0.23718617007783266, -0.4779394883460563, -0.16828592078559942, 0.309587400146487], [-0.1354253132162946, 0.9107364859314818, -0.5691688896441264, -0.10978760751698641], [-0.23162808648396388, -1.2703925779908956, 1.4236611368569045, -1.1949513020081564], [-0.19033866923377332, 0.7365241843107094, -0.22878777244172743, 0.35643698315134614], [0.4069417440897369, -0.45784510000661804, 0.4955869796367, -0.2056604183197567], [-0.025869975021587936, -0.29999557046912906, 0.47423097730254615, -0.2472151844307899]], "year": 2020, "week": 33}, "6": {"index": 6, "y": [-0.5136822371407774, -0.313060314942101, -0.1513255377317418, -0.37419216265319155, -0.7504739649789741, -0.25061406933288777, -0.4864160762931813, -0.37419216265319155, 0.6260958073866805, 0.02540798220272567, -0.28985650491573034, -1.142592196008474, -0.18576111617373747, -0.5880374758115017, -1.1905348974706085], "X": [[-0.03566002046762246, -0.2009631865611222, 0.21355129520959032, 0.07952970811908194], [-0.0479440389861145, 0.06409174561365061, -0.11132556029709023, -0.06983484867866117], [0.24927404214010038, -0.2976622262883591, 1.0994068563255002, -0.023660215736615565], [-0.3973941400227147, -0.2620672939470444, 0.35058614528861387, -0.5858900046164738], [-0.4643398588567533, 0.17809863831756723, 0.5098554809514495, 0.4961769603872087], [-0.23994688339156892, 0.45458353122408857, 0.6336396709685794, -0.1706546854694527], [0.3887537687767871, -0.21294317605138924, -0.13038890262344865, 0.14894698824926875], [-0.3794266100282556, -0.02365551622672836, 0.328890920430885, -0.023660215736615565], [-0.32217191721758814, 0.7104519619656234, -0.2972526709359269, -0.5987014573420093], [-0.4779394883460563, -0.16828592078559942, 0.309587400146487, 0.18965811200212396], [0.9107364859314818, -0.5691688896441264, -0.10978760751698641, -0.001614888570180996], [-1.2703925779908956, 1.4236611368569045, -1.1949513020081564, -0.023660215736615565], [0.7365241843107094, -0.22878777244172743, 0.35643698315134614, -0.7927519450456914], [-0.45784510000661804, 0.4955869796367, -0.2056604183197567, 0.07050027557955808], [-0.29999557046912906, 0.47423097730254615, -0.2472151844307899, 0.29733788513845505]], "year": 2020, "week": 34}, "7": {"index": 7, "y": [0.3077189948147679, 0.338801840735594, 0.3313910443750175, 0.3313910443750175, 0.1399212531561949, 0.011550050931180866, -0.0671270690566849, 0.3313910443750175, -1.1010008859311173, -0.0671270690566849, 0.6820962748899776, 1.8142648257645206, -0.7015262622525381, -0.171897100075322, 0.6972402242592979], "X": [[-0.2009631865611222, 0.21355129520959032, 0.07952970811908194, -0.5136822371407774], [0.06409174561365061, -0.11132556029709023, -0.06983484867866117, -0.313060314942101], [-0.2976622262883591, 1.0994068563255002, -0.023660215736615565, -0.1513255377317418], [-0.2620672939470444, 0.35058614528861387, -0.5858900046164738, -0.37419216265319155], [0.17809863831756723, 0.5098554809514495, 0.4961769603872087, -0.7504739649789741], [0.45458353122408857, 0.6336396709685794, -0.1706546854694527, -0.25061406933288777], [-0.21294317605138924, -0.13038890262344865, 0.14894698824926875, -0.4864160762931813], [-0.02365551622672836, 0.328890920430885, -0.023660215736615565, -0.37419216265319155], [0.7104519619656234, -0.2972526709359269, -0.5987014573420093, 0.6260958073866805], [-0.16828592078559942, 0.309587400146487, 0.18965811200212396, 0.02540798220272567], [-0.5691688896441264, -0.10978760751698641, -0.001614888570180996, -0.28985650491573034], [1.4236611368569045, -1.1949513020081564, -0.023660215736615565, -1.142592196008474], [-0.22878777244172743, 0.35643698315134614, -0.7927519450456914, -0.18576111617373747], [0.4955869796367, -0.2056604183197567, 0.07050027557955808, -0.5880374758115017], [0.47423097730254615, -0.2472151844307899, 0.29733788513845505, -1.1905348974706085]], "year": 2020, "week": 35}, "8": {"index": 8, "y": [-0.14911106756167422, -0.23711302652012609, -1.3553176566564413, 0.25133585340108117, -0.7001432336537198, -0.6408366006524617, 0.3538563023935226, -0.3695956050609676, 0.8226463464778784, -0.8147820947995169, -0.59121563526721, -0.16307570511759525, 0.9658169094050607, -0.29114613778190707, 0.6794757835506964], "X": [[0.21355129520959032, 0.07952970811908194, -0.5136822371407774, 0.3077189948147679], [-0.11132556029709023, -0.06983484867866117, -0.313060314942101, 0.338801840735594], [1.0994068563255002, -0.023660215736615565, -0.1513255377317418, 0.3313910443750175], [0.35058614528861387, -0.5858900046164738, -0.37419216265319155, 0.3313910443750175], [0.5098554809514495, 0.4961769603872087, -0.7504739649789741, 0.1399212531561949], [0.6336396709685794, -0.1706546854694527, -0.25061406933288777, 0.011550050931180866], [-0.13038890262344865, 0.14894698824926875, -0.4864160762931813, -0.0671270690566849], [0.328890920430885, -0.023660215736615565, -0.37419216265319155, 0.3313910443750175], [-0.2972526709359269, -0.5987014573420093, 0.6260958073866805, -1.1010008859311173], [0.309587400146487, 0.18965811200212396, 0.02540798220272567, -0.0671270690566849], [-0.10978760751698641, -0.001614888570180996, -0.28985650491573034, 0.6820962748899776], [-1.1949513020081564, -0.023660215736615565, -1.142592196008474, 1.8142648257645206], [0.35643698315134614, -0.7927519450456914, -0.18576111617373747, -0.7015262622525381], [-0.2056604183197567, 0.07050027557955808, -0.5880374758115017, -0.171897100075322], [-0.2472151844307899, 0.29733788513845505, -1.1905348974706085, 0.6972402242592979]], "year": 2020, "week": 36}, "9": {"index": 9, "y": [0.26334515960125254, 0.24148676277978035, 0.47303169306498133, 0.059853681563936334, 0.024165833935551342, 1.0921148726047984, -0.018362271218707326, -0.018362271218707326, 0.8216812592262122, 0.9540227897367357, 0.3894173944500588, 0.25207134215988, 0.7524094550504324, 0.07864361818869119, -0.36701183737993776], "X": [[0.07952970811908194, -0.5136822371407774, 0.3077189948147679, -0.14911106756167422], [-0.06983484867866117, -0.313060314942101, 0.338801840735594, -0.23711302652012609], [-0.023660215736615565, -0.1513255377317418, 0.3313910443750175, -1.3553176566564413], [-0.5858900046164738, -0.37419216265319155, 0.3313910443750175, 0.25133585340108117], [0.4961769603872087, -0.7504739649789741, 0.1399212531561949, -0.7001432336537198], [-0.1706546854694527, -0.25061406933288777, 0.011550050931180866, -0.6408366006524617], [0.14894698824926875, -0.4864160762931813, -0.0671270690566849, 0.3538563023935226], [-0.023660215736615565, -0.37419216265319155, 0.3313910443750175, -0.3695956050609676], [-0.5987014573420093, 0.6260958073866805, -1.1010008859311173, 0.8226463464778784], [0.18965811200212396, 0.02540798220272567, -0.0671270690566849, -0.8147820947995169], [-0.001614888570180996, -0.28985650491573034, 0.6820962748899776, -0.59121563526721], [-0.023660215736615565, -1.142592196008474, 1.8142648257645206, -0.16307570511759525], [-0.7927519450456914, -0.18576111617373747, -0.7015262622525381, 0.9658169094050607], [0.07050027557955808, -0.5880374758115017, -0.171897100075322, -0.29114613778190707], [0.29733788513845505, -1.1905348974706085, 0.6972402242592979, 0.6794757835506964]], "year": 2020, "week": 37}, "10": {"index": 10, "y": [-0.16233978615005099, 0.12033156560520758, 0.47078460364501173, 0.2501775632431621, -0.06228373672218612, -0.3679157165756308, -0.01982363302689002, -0.01982363302689002, -0.3116270190177247, -0.3003009881832478, -0.10949344878812471, 0.2007834073749591, -0.34442005031140893, 0.6705292514939246, 0.07702714620139897], "X": [[-0.5136822371407774, 0.3077189948147679, -0.14911106756167422, 0.26334515960125254], [-0.313060314942101, 0.338801840735594, -0.23711302652012609, 0.24148676277978035], [-0.1513255377317418, 0.3313910443750175, -1.3553176566564413, 0.47303169306498133], [-0.37419216265319155, 0.3313910443750175, 0.25133585340108117, 0.059853681563936334], [-0.7504739649789741, 0.1399212531561949, -0.7001432336537198, 0.024165833935551342], [-0.25061406933288777, 0.011550050931180866, -0.6408366006524617, 1.0921148726047984], [-0.4864160762931813, -0.0671270690566849, 0.3538563023935226, -0.018362271218707326], [-0.37419216265319155, 0.3313910443750175, -0.3695956050609676, -0.018362271218707326], [0.6260958073866805, -1.1010008859311173, 0.8226463464778784, 0.8216812592262122], [0.02540798220272567, -0.0671270690566849, -0.8147820947995169, 0.9540227897367357], [-0.28985650491573034, 0.6820962748899776, -0.59121563526721, 0.3894173944500588], [-1.142592196008474, 1.8142648257645206, -0.16307570511759525, 0.25207134215988], [-0.18576111617373747, -0.7015262622525381, 0.9658169094050607, 0.7524094550504324], [-0.5880374758115017, -0.171897100075322, -0.29114613778190707, 0.07864361818869119], [-1.1905348974706085, 0.6972402242592979, 0.6794757835506964, -0.36701183737993776]], "year": 2020, "week": 38}, "11": {"index": 11, "y": [0.09531017980432477, 0.08961215868968786, -0.11778303565638382, -0.1625189294977747, 0.5798184952529422, 0.49740260343385057, -0.23052365861183244, 0.5108256237659905, -0.04652001563489305, 0.19671029424605413, 0.4505855433886339, -0.5389965007326871, -0.16705408466316607, -0.04445176257083361, 0.7308875085427924], "X": [[0.3077189948147679, -0.14911106756167422, 0.26334515960125254, -0.16233978615005099], [0.338801840735594, -0.23711302652012609, 0.24148676277978035, 0.12033156560520758], [0.3313910443750175, -1.3553176566564413, 0.47303169306498133, 0.47078460364501173], [0.3313910443750175, 0.25133585340108117, 0.059853681563936334, 0.2501775632431621], [0.1399212531561949, -0.7001432336537198, 0.024165833935551342, -0.06228373672218612], [0.011550050931180866, -0.6408366006524617, 1.0921148726047984, -0.3679157165756308], [-0.0671270690566849, 0.3538563023935226, -0.018362271218707326, -0.01982363302689002], [0.3313910443750175, -0.3695956050609676, -0.018362271218707326, -0.01982363302689002], [-1.1010008859311173, 0.8226463464778784, 0.8216812592262122, -0.3116270190177247], [-0.0671270690566849, -0.8147820947995169, 0.9540227897367357, -0.3003009881832478], [0.6820962748899776, -0.59121563526721, 0.3894173944500588, -0.10949344878812471], [1.8142648257645206, -0.16307570511759525, 0.25207134215988, 0.2007834073749591], [-0.7015262622525381, 0.9658169094050607, 0.7524094550504324, -0.34442005031140893], [-0.171897100075322, -0.29114613778190707, 0.07864361818869119, 0.6705292514939246], [0.6972402242592979, 0.6794757835506964, -0.36701183737993776, 0.07702714620139897]], "year": 2020, "week": 39}, "12": {"index": 12, "y": [-0.07061756721395351, -0.2054439742148091, 0.11778303565638382, -0.19415601444095776, -0.6161861394238168, -0.6151856390902339, 0.2006706954621511, -0.5108256237659905, 0.09097177820572666, -0.24116205681688774, 0.009756174945365181, 0.5389965007326871, -0.09531017980432477, -0.09531017980432521, -0.523248143764548], "X": [[-0.14911106756167422, 0.26334515960125254, -0.16233978615005099, 0.09531017980432477], [-0.23711302652012609, 0.24148676277978035, 0.12033156560520758, 0.08961215868968786], [-1.3553176566564413, 0.47303169306498133, 0.47078460364501173, -0.11778303565638382], [0.25133585340108117, 0.059853681563936334, 0.2501775632431621, -0.1625189294977747], [-0.7001432336537198, 0.024165833935551342, -0.06228373672218612, 0.5798184952529422], [-0.6408366006524617, 1.0921148726047984, -0.3679157165756308, 0.49740260343385057], [0.3538563023935226, -0.018362271218707326, -0.01982363302689002, -0.23052365861183244], [-0.3695956050609676, -0.018362271218707326, -0.01982363302689002, 0.5108256237659905], [0.8226463464778784, 0.8216812592262122, -0.3116270190177247, -0.04652001563489305], [-0.8147820947995169, 0.9540227897367357, -0.3003009881832478, 0.19671029424605413], [-0.59121563526721, 0.3894173944500588, -0.10949344878812471, 0.4505855433886339], [-0.16307570511759525, 0.25207134215988, 0.2007834073749591, -0.5389965007326871], [0.9658169094050607, 0.7524094550504324, -0.34442005031140893, -0.16705408466316607], [-0.29114613778190707, 0.07864361818869119, 0.6705292514939246, -0.04445176257083361], [0.6794757835506964, -0.36701183737993776, 0.07702714620139897, 0.7308875085427924]], "year": 2020, "week": 40}, "13": {"index": 13, "y": [-0.1774553671427812, 0.24740817331384068, -0.4054651081081646, -0.24116205681688774, 0.2595111954850844, 0.3184537311185349, -0.27763173659827967, 0.2876820724517808, -0.04445176257083361, 0.3746934494414105, -0.4006224836323762, 0.6505875661411493, -0.6931471805599456, -0.35667494393873245, 0.4054651081081646], "X": [[0.26334515960125254, -0.16233978615005099, 0.09531017980432477, -0.07061756721395351], [0.24148676277978035, 0.12033156560520758, 0.08961215868968786, -0.2054439742148091], [0.47303169306498133, 0.47078460364501173, -0.11778303565638382, 0.11778303565638382], [0.059853681563936334, 0.2501775632431621, -0.1625189294977747, -0.19415601444095776], [0.024165833935551342, -0.06228373672218612, 0.5798184952529422, -0.6161861394238168], [1.0921148726047984, -0.3679157165756308, 0.49740260343385057, -0.6151856390902339], [-0.018362271218707326, -0.01982363302689002, -0.23052365861183244, 0.2006706954621511], [-0.018362271218707326, -0.01982363302689002, 0.5108256237659905, -0.5108256237659905], [0.8216812592262122, -0.3116270190177247, -0.04652001563489305, 0.09097177820572666], [0.9540227897367357, -0.3003009881832478, 0.19671029424605413, -0.24116205681688774], [0.3894173944500588, -0.10949344878812471, 0.4505855433886339, 0.009756174945365181], [0.25207134215988, 0.2007834073749591, -0.5389965007326871, 0.5389965007326871], [0.7524094550504324, -0.34442005031140893, -0.16705408466316607, -0.09531017980432477], [0.07864361818869119, 0.6705292514939246, -0.04445176257083361, -0.09531017980432521], [-0.36701183737993776, 0.07702714620139897, 0.7308875085427924, -0.523248143764548]], "year": 2020, "week": 41}, "14": {"index": 14, "y": [0.24046833497151532, 0.0, 0.5108256237659909, 0.4353180712578455, -0.5108256237659905, -0.09531017980432521, 0.732367893713227, -0.2876820724517808, -0.09531017980432521, -0.13353139262452274, 0.6257058997644123, -0.8329091229351038, 0.8754687373539001, 0.49643688631389127, -0.13353139262452274], "X": [[-0.16233978615005099, 0.09531017980432477, -0.07061756721395351, -0.1774553671427812], [0.12033156560520758, 0.08961215868968786, -0.2054439742148091, 0.24740817331384068], [0.47078460364501173, -0.11778303565638382, 0.11778303565638382, -0.4054651081081646], [0.2501775632431621, -0.1625189294977747, -0.19415601444095776, -0.24116205681688774], [-0.06228373672218612, 0.5798184952529422, -0.6161861394238168, 0.2595111954850844], [-0.3679157165756308, 0.49740260343385057, -0.6151856390902339, 0.3184537311185349], [-0.01982363302689002, -0.23052365861183244, 0.2006706954621511, -0.27763173659827967], [-0.01982363302689002, 0.5108256237659905, -0.5108256237659905, 0.2876820724517808], [-0.3116270190177247, -0.04652001563489305, 0.09097177820572666, -0.04445176257083361], [-0.3003009881832478, 0.19671029424605413, -0.24116205681688774, 0.3746934494414105], [-0.10949344878812471, 0.4505855433886339, 0.009756174945365181, -0.4006224836323762], [0.2007834073749591, -0.5389965007326871, 0.5389965007326871, 0.6505875661411493], [-0.34442005031140893, -0.16705408466316607, -0.09531017980432477, -0.6931471805599456], [0.6705292514939246, -0.04445176257083361, -0.09531017980432521, -0.35667494393873245], [0.07702714620139897, 0.7308875085427924, -0.523248143764548, 0.4054651081081646]], "year": 2020, "week": 42}, "15": {"index": 15, "y": [0.34515850187717323, -0.30147539458411643, 0.26236426446749084, -0.2682639865946794, 0.48183808689273855, -0.020202707317519497, -0.5839478885949534, 0.2876820724517808, 0.4382549309311554, -0.11332868530700324, -0.15028220304933804, 0.18232155679395445, 0.2231435513142097, -0.09097177820572666, -0.5596157879354227], "X": [[0.09531017980432477, -0.07061756721395351, -0.1774553671427812, 0.24046833497151532], [0.08961215868968786, -0.2054439742148091, 0.24740817331384068, 0.0], [-0.11778303565638382, 0.11778303565638382, -0.4054651081081646, 0.5108256237659909], [-0.1625189294977747, -0.19415601444095776, -0.24116205681688774, 0.4353180712578455], [0.5798184952529422, -0.6161861394238168, 0.2595111954850844, -0.5108256237659905], [0.49740260343385057, -0.6151856390902339, 0.3184537311185349, -0.09531017980432521], [-0.23052365861183244, 0.2006706954621511, -0.27763173659827967, 0.732367893713227], [0.5108256237659905, -0.5108256237659905, 0.2876820724517808, -0.2876820724517808], [-0.04652001563489305, 0.09097177820572666, -0.04445176257083361, -0.09531017980432521], [0.19671029424605413, -0.24116205681688774, 0.3746934494414105, -0.13353139262452274], [0.4505855433886339, 0.009756174945365181, -0.4006224836323762, 0.6257058997644123], [-0.5389965007326871, 0.5389965007326871, 0.6505875661411493, -0.8329091229351038], [-0.16705408466316607, -0.09531017980432477, -0.6931471805599456, 0.8754687373539001], [-0.04445176257083361, -0.09531017980432521, -0.35667494393873245, 0.49643688631389127], [0.7308875085427924, -0.523248143764548, 0.4054651081081646, -0.13353139262452274]], "year": 2020, "week": 43}, "16": {"index": 16, "y": [-0.3225160251274133, 0.036367644170875124, -0.7731898882334818, 0.14310084364067333, -0.5306282510621707, 0.1512309697239238, -0.534082485930258, 0.0, 0.17693070815907808, -0.04082199452025481, -0.5048375819213682, -0.18232155679395445, -0.5108256237659905, 0.04652001563489305, 0.08004270767353638], "X": [[-0.07061756721395351, -0.1774553671427812, 0.24046833497151532, 0.34515850187717323], [-0.2054439742148091, 0.24740817331384068, 0.0, -0.30147539458411643], [0.11778303565638382, -0.4054651081081646, 0.5108256237659909, 0.26236426446749084], [-0.19415601444095776, -0.24116205681688774, 0.4353180712578455, -0.2682639865946794], [-0.6161861394238168, 0.2595111954850844, -0.5108256237659905, 0.48183808689273855], [-0.6151856390902339, 0.3184537311185349, -0.09531017980432521, -0.020202707317519497], [0.2006706954621511, -0.27763173659827967, 0.732367893713227, -0.5839478885949534], [-0.5108256237659905, 0.2876820724517808, -0.2876820724517808, 0.2876820724517808], [0.09097177820572666, -0.04445176257083361, -0.09531017980432521, 0.4382549309311554], [-0.24116205681688774, 0.3746934494414105, -0.13353139262452274, -0.11332868530700324], [0.009756174945365181, -0.4006224836323762, 0.6257058997644123, -0.15028220304933804], [0.5389965007326871, 0.6505875661411493, -0.8329091229351038, 0.18232155679395445], [-0.09531017980432477, -0.6931471805599456, 0.8754687373539001, 0.2231435513142097], [-0.09531017980432521, -0.35667494393873245, 0.49643688631389127, -0.09097177820572666], [-0.523248143764548, 0.4054651081081646, -0.13353139262452274, -0.5596157879354227]], "year": 2020, "week": 44}, "17": {"index": 17, "y": [0.0, 0.14903557916048715, 0.15415067982725827, 0.0, 0.09531017980432521, -0.2144098713454552, 0.6325225587435104, 0.0, -0.4754236967150747, -0.2336148511815055, 0.15201620729862597, 0.09531017980432477, 0.0, -0.20067069546215155, 0.07410797215372167], "X": [[-0.1774553671427812, 0.24046833497151532, 0.34515850187717323, -0.3225160251274133], [0.24740817331384068, 0.0, -0.30147539458411643, 0.036367644170875124], [-0.4054651081081646, 0.5108256237659909, 0.26236426446749084, -0.7731898882334818], [-0.24116205681688774, 0.4353180712578455, -0.2682639865946794, 0.14310084364067333], [0.2595111954850844, -0.5108256237659905, 0.48183808689273855, -0.5306282510621707], [0.3184537311185349, -0.09531017980432521, -0.020202707317519497, 0.1512309697239238], [-0.27763173659827967, 0.732367893713227, -0.5839478885949534, -0.534082485930258], [0.2876820724517808, -0.2876820724517808, 0.2876820724517808, 0.0], [-0.04445176257083361, -0.09531017980432521, 0.4382549309311554, 0.17693070815907808], [0.3746934494414105, -0.13353139262452274, -0.11332868530700324, -0.04082199452025481], [-0.4006224836323762, 0.6257058997644123, -0.15028220304933804, -0.5048375819213682], [0.6505875661411493, -0.8329091229351038, 0.18232155679395445, -0.18232155679395445], [-0.6931471805599456, 0.8754687373539001, 0.2231435513142097, -0.5108256237659905], [-0.35667494393873245, 0.49643688631389127, -0.09097177820572666, 0.04652001563489305], [0.4054651081081646, -0.13353139262452274, -0.5596157879354227, 0.08004270767353638]], "year": 2020, "week": 45}, "18": {"index": 18, "y": [0.0074349784875185065, -0.20409535634351483, -0.15415067982725827, -0.3101549283038394, 0.5465437063680696, -0.04445176257083405, -0.8266785731844681, -0.2876820724517808, 0.6257058997644127, 0.2336148511815055, -0.22957444164450003, 0.3101549283038394, 0.2876820724517808, 0.4418327522790393, -0.44183275227903884], "X": [[0.24046833497151532, 0.34515850187717323, -0.3225160251274133, 0.0], [0.0, -0.30147539458411643, 0.036367644170875124, 0.14903557916048715], [0.5108256237659909, 0.26236426446749084, -0.7731898882334818, 0.15415067982725827], [0.4353180712578455, -0.2682639865946794, 0.14310084364067333, 0.0], [-0.5108256237659905, 0.48183808689273855, -0.5306282510621707, 0.09531017980432521], [-0.09531017980432521, -0.020202707317519497, 0.1512309697239238, -0.2144098713454552], [0.732367893713227, -0.5839478885949534, -0.534082485930258, 0.6325225587435104], [-0.2876820724517808, 0.2876820724517808, 0.0, 0.0], [-0.09531017980432521, 0.4382549309311554, 0.17693070815907808, -0.4754236967150747], [-0.13353139262452274, -0.11332868530700324, -0.04082199452025481, -0.2336148511815055], [0.6257058997644123, -0.15028220304933804, -0.5048375819213682, 0.15201620729862597], [-0.8329091229351038, 0.18232155679395445, -0.18232155679395445, 0.09531017980432477], [0.8754687373539001, 0.2231435513142097, -0.5108256237659905, 0.0], [0.49643688631389127, -0.09097177820572666, 0.04652001563489305, -0.20067069546215155], [-0.13353139262452274, -0.5596157879354227, 0.08004270767353638, 0.07410797215372167]], "year": 2020, "week": 46}, "19": {"index": 19, "y": [-0.3409265869705935, -0.0784716154414955, -1.0986122886681096, 0.08701137698962969, -0.502091943797236, -0.07061756721395307, 0.45198512374305766, 0.0, -1.122142786078304, -0.13353139262452274, -0.7259370033829362, -1.6094379124341003, -0.6931471805599454, -0.24116205681688774, 0.2006706954621511], "X": [[0.34515850187717323, -0.3225160251274133, 0.0, 0.0074349784875185065], [-0.30147539458411643, 0.036367644170875124, 0.14903557916048715, -0.20409535634351483], [0.26236426446749084, -0.7731898882334818, 0.15415067982725827, -0.15415067982725827], [-0.2682639865946794, 0.14310084364067333, 0.0, -0.3101549283038394], [0.48183808689273855, -0.5306282510621707, 0.09531017980432521, 0.5465437063680696], [-0.020202707317519497, 0.1512309697239238, -0.2144098713454552, -0.04445176257083405], [-0.5839478885949534, -0.534082485930258, 0.6325225587435104, -0.8266785731844681], [0.2876820724517808, 0.0, 0.0, -0.2876820724517808], [0.4382549309311554, 0.17693070815907808, -0.4754236967150747, 0.6257058997644127], [-0.11332868530700324, -0.04082199452025481, -0.2336148511815055, 0.2336148511815055], [-0.15028220304933804, -0.5048375819213682, 0.15201620729862597, -0.22957444164450003], [0.18232155679395445, -0.18232155679395445, 0.09531017980432477, 0.3101549283038394], [0.2231435513142097, -0.5108256237659905, 0.0, 0.2876820724517808], [-0.09097177820572666, 0.04652001563489305, -0.20067069546215155, 0.4418327522790393], [-0.5596157879354227, 0.08004270767353638, 0.07410797215372167, -0.44183275227903884]], "year": 2020, "week": 47}, "20": {"index": 20, "y": [0.07038079676179976, 0.42566781542568366, 1.945910149055313, 0.15415067982725805, 0.23180161405732447, 0.1576289442035832, 0.5198754592859083, 0.0, 0.6567795363890707, 0.42121346507630353, 0.7419373447293771, 1.466337068793427, 0.15415067982725827, -0.3184537311185349, -0.09531017980432477], "X": [[-0.3225160251274133, 0.0, 0.0074349784875185065, -0.3409265869705935], [0.036367644170875124, 0.14903557916048715, -0.20409535634351483, -0.0784716154414955], [-0.7731898882334818, 0.15415067982725827, -0.15415067982725827, -1.0986122886681096], [0.14310084364067333, 0.0, -0.3101549283038394, 0.08701137698962969], [-0.5306282510621707, 0.09531017980432521, 0.5465437063680696, -0.502091943797236], [0.1512309697239238